line
0 0 0 1 0 0
line
-5, -3, 0, -3, -7, 0
line
-3, -7, 0, -3, -6, 0
line
-3, -6, 0, -2, -4, 0
line
-2, -4, 0, -1, 0, 0
line
-7, 1, 0, -8, 4, 0
line
-2, -4, 0, -1, 0, 0
line
-8, 4, 0, -9, 7, 0
line
-9, 7, 0, -8, 10, 0
line
-8, 10, 0, -7, 10, 0
line
-7, 10, 0, -5, 9, 0
line
-5, 9, 0, -3, 7, 0
line
-3, 7, 0, -2, 6, 0
line
-2, 6, 0, 0, 7, 0
line
2, 6, 0, 0, 7, 0
line
2, 6, 0, 3, 7, 0
line
5, 9, 0, 3, 7, 0
line
5, 9, 0, 7, 10, 0
line
8, 10, 0, 7, 10, 0
line
8, 10, 0, 9, 7, 0
line
8, 4, 0, 9, 7, 0
line
8, 10, 0, 7, 1, 0
line
3, 4, 0, 7, 1, 0
line
3, 4, 0, 0, 1, 0
line
-3, 4, 0, 0, 1, 0
line
-3, 4, 0, -7, 1, 0
line
-5, 0, 0, -4, 0, 0
line
-2, -1, 0, -4, 0, 0
line
-2, -1, 0, -4, -1, 0
line
-5, 0, 0, -4, -1, 0
line
5, -3, 0, 4, -5, 0
line
4, -5, 0, 3, -7, 0
line
7, 1, 0, 9, -7, 0
line
8, -7, 0, 9, -7, 0
line
8, -7, 0, 7, -6, 0
line
4, -9, 0, 7, -6, 0
line
4, -9, 0, 1, -10, 0
line
-1, -10, 0, 1, -10, 0
line
-1, -10, 0, -4, -9, 0
line
-7, -6, 0, -4, -9, 0
line
-7, -6, 0, -8, -7, 0
line
-9, -6, 0, -8, -7, 0
line
-9, -6, 0, -8, -2, 0
line
-7, -1, 0, -8, -2, 0
line
5, 0, 0, 4, -1, 0
line
-2, -1, 0, 4, -1, 0
line
-2, -1, 0, 4, 0, 0
line
5, 0, 0, 4, 0, 0
line
1, 0, 0, 2, -4, 0
line
3, -6, 0, 2, -4, 0
line
3, -6, 0, 3, -7, 0
line
1, -8, 0, 3, -7, 0
line
-4, -1, 0, -4, 0, 0
line
-3, -1, 0, -4, 0, 0
line
-3, -7, 0, -1, -8, 0
line
1, -8, 0, -1, -8, 0
line
1, -8, 0, 2, -6, 0
line
1, -5, 0, 2, -6, 0
line
1, -5, 0, -1, -5, 0
line
-2, -6, 0, -1, -5, 0
line
-2, -6, 0, -1, -8, 0
line
4, 6, 0, 7, 9, 0
line
7, 9, 0, 7, 5, 0
line
6, 4, 0, 7, 5, 0
line
6, 4, 0, 4, 5, 0
line
4, 6, 0, 4, 5, 0
line
4, -1, 0, 4, 0, 0
line
3, -1, 0, 4, 0, 0
line
-7, 4, 0, -7, 9, 0
line
-4, 6, 0, -7, 9, 0
line
-4, 6, 0, -4, 5, 0
line
-6, 3, 0, -4, 5, 0
line
-6, 3, 0, -7, 4, 0


ident
scale
30 30 30
rotate
y 45
rotate
x -30
move
250 250 0
apply
display
save
pic.png
